1667540812
471762021
1554561239
834467443
552433028
00000000000000
1902204467
1461807836
969812795
77319301
617180185
782164684
1225251181
666666
1102033740
1057510739
1051069239
465799803
553678554
1023149193
1272632627
1111111111
764620191
906875
1528643402
2779625363
374562731
1102491648
2624666782
1051993826
1936470608
429410296
22222222222222222
762401672
1434695763
924321388
1315281838
506730609
1015291309
1366847420
2625523246
1179812667
798085152
1669039571
1534029245
1173732211
619754073
947416909
269059188
821475356
498737172
1216218377
1285516908
393345568
2105799708
648814802
919889345
6231650
2301394683
1216100030
1529656316
1826666669
1279550353
1062745864
1262612492
743431474
123456
2426477553
1459803678
306900068
1460898691
1169175750
1921503656
909002179
843571552
2785874773
2293514803
760254843
3026627099
849346570
2457870206
1733818752
2673876808
2228714715
1822318966
1357334476
1340220857
1572061697
2112774788
418345214
857255626
1937889831
1114261126
1518752113
1070295143
498099722
445741139
1032234849
1191915249
1120740086
123321
1625467177
6666666666666
1045643278
2954265773
571012646
1850419695
2694597005
962463630
1332874718
934378117
12345679
99956646
2549519578
921809590
1303346617
386265640
1720632594
977470935
1045058473
2276247819
1214643307
2512439665
1760803383
1399100957
389045342
2196819282
7777777
2248178212
1183466630
565811557
768017464
215789963
1404011554
1057916372
1933798136
1209033966
1295302603
1654595223
1069761637
958528382
894194577
2448215088
380129689
2095535276
739073062
1103352197
1648064471
948296920
1535670799
318260964
918650540
365081270
644957221
2892303502
263337330
2544068371
982269003
992488469
1656251869
594646428
406598255
2992543559
2623105103
354962811
472788846
1352698758
1291625207
1097273351
123123
1472580369
2643089716
2826499251
2634591643
760088360
1324468691
83550075
1156260869
1604286240
1486443839
1399736372
1693262204
1584062337
70561725
1656552287
1354191774
138518769
794974310
815008092
2321086534
999999
454626565
1010022810
792335322
1776993992
910646379
449772290
1203222133
111111111
1120962226
1658073219
1114574046
877171410
2711375182
634356231
1520443152
2854961911
1127537667
1723148227
1242924870
1159408755
1974243680
1107085041
414651798
1325769203
1134292526
1987063848
23418702
2969469895
1499398032
3168710847
1479276204
1353437952
960828129
296143671
764279545
1398814277
1355049123
2419654639
1632403707
1353452198
718071161
903090744
1219181742
811496770
1483433077
2238148208
915434336
575851165
1185435132
1101275436
82316216
768189838
1239264257
1152459190
1820754092
531794485
627945290
848241284
675655629
2749112713
1186998485
473724427
335394777
1234567
1765646969
2443875706
479956449
1335904944
1729250442
1971966586
1391274206
1456775614
1437849896
1598803064
1436945059
596044553
123789
1090363635
1697353811
2425945407
979212308
1251453455
2714402556
76856524
472617336
1401022596
1343864730
461951036
949050307
95659508
1876419635
835377015
383711651
2442666458
393080617
744631170
857636299
1138616139
468125765
193500500
1391274206
1120740086
1529656316
894194577
1398814277
1936470608
2276247819
1437849896
1097273351
1114261126
949050307
2749112713
2196819282
2457870206
2660574426
1262612492
1820754092
977470935
634356231
2714402556
857636299
2779625363
2443875706
7777777
389045342
815008092
2425945407
498099722
2248178212
921809590
1654595223
418345214
393345568
666666
1483433077
1343864730
835377015
461951036
2624666782
764620191
848241284
794974310
2321086534
1203222133
1219181742
552433028
947416909
1335904944
1528643402
386265640
1134292526
1340220857
1352698758
2634591643
1720632594
1111111111
2112774788
1357334476
1822318966
1152459190
594646428
1598803064
1355049123
2301394683
1303346617
1459803678
1434695763
1765646969
1634635
2426477553
1209033966
979212308
1239264257
1291625207
1987063848
648814802
3168710847
999999
82316216
544101247
498737172
1479276204
2105799708
2623105103
1173732211
1876419635
857255626
83550075
296143671
1776993992
2992543559
1069761637
2228714715
472617336
1295302603
1324468691
2419654639
111111111
1656552287
1399100957
1183466630
849346570
1214643307
2512439665
1723148227
380129689
1499398032
434757294
760088360
768017464
479956449
1103352197
2442666458
2238148208
1534029245
1733818752
374562731
596044553
1850419695
1015291309
1107085041
1486443839
1520443152
1045643278
1169175750
2625523246
1185435132
1456775614
1572061697
915434336
1234567
764279545
6666666666666
1102491648
1090363635
1332874718
1179812667
982269003
1354191774
1399736372
1057510739
1436945059
934378117
1584062337
2549519578
821475356
1729250442
193500500
1460898691
1114574046
1712586788
982633824
123321
553678554
159922150
465799803
1127537667
1648064471
77319301
1242924870
2298146164
306900068
739073062
909002179
269059188
263337330
958528382
1658073219
1247522236
744631170
1191915249
1159408755
1032234849
429410296
1062745864
768189838
718071161
1667540812
6231650
1325769203
380776252
2954265773
782164684
1624294170
449772290
877171410
1216100030
365081270
2711375182
22222222222222222
1138616139
2643089716
1826666669
123123
960828129
910646379
1555555
406598255
2892303502
1159524757
1974243680
2969469895
1120962226
70561725
843571552
1535670799
531794485
762401672
1251453455
1760803383
617180185
23418702
1156260869
1272632627
1656251869
1604286240
123789
138518769
834467443
12345679
1632403707
1625467177
1902204467
627945290
2826499251
1353452198
924321388
1010022810
445741139
1037996838
468125765
619754073
565811557
00000000000000
1279550353
919889345
571012646
675655629
644957221
798085152
2673876808
506730609
811496770
2854961911
1779105985
792335322
948296920
1526128788
1054708006
1404011554
318260964
76856524
1057916372
473724427
1315281838
1051069239
1921503656
454626565
1023149193
1937889831
1554561239
1933798136
471762021
760254843
2448215088
1285516908
1669039571
903090744
918650540
123456
1397360946
354962811
1070295143
95659508
2293514803
2694597005
1045058473
2408603822
383711651
1461807836
1366847420
1518752113
1272885145
1971966586
1225251181
2785874773
1436945059
1437849896
979212308
12121212
1156260869
1054708006
2893870154
857636299
19960313
789456
675482473
1902204467
498737172
811496770
20001101
445741139
666666
1239264257
947416909
1315281838
982269003
815008092
1120962226
553678554
1219181742
23418702
910646379
2711375182
1325769203
19990815
158023000
1045058473
834467443
1520443152
306900068
1355049123
1528643402
2222222
1203222133
1366847420
1357334476
1191915249
918650540
1399100957
22222222
1032234849
7758258
1526128788
111111111
2306478415
1656251869
19990815
19981120
1850419695
798085152
544101247
88888888
111111
22222222222222222
764620191
1114261126
2694597005
777777
1127537667
762401672
498737172
1352698758
843571552
383711651
1572061697
1134292526
2442666458
374562731
1262612492
958528382
77319301
123321
1291625207
1179812667
982269003
5201314
857255626
2298146164
365081270
1404011554
00000000
921809590
1272632627
472617336
2196819282
768017464
644957221
406598255
3168710847
2457870206
1303346617
454626565
1120740086
531794485
2714402556
95659508
6231650
1820754092
2448215088
1103352197
954939823
555555
380129689
1712586788
999999
999999999
2643089716
1632403707
318260964
1340220857
1529656316
12344321
584106112
19960313
1173732211
2992543559
857636299
83550075
2321086534
1137987375
2222222
1554561239
1156260869
848241284
1584062337
909002179
1152459190
1697353811
2238148208
1353452198
1159408755
1876419635
2448215088
1010022810
1097273351
1209033966
2442666458
498099722
531794485
2694597005
1127537667
1366847420
782164684
777777
1272632627
123321
123456789
2293514803
1234567
1761611326
418345214
1399736372
1720632594
982269003
1654595223
1279550353
19990815
1159524757
594646428
12344321
1332874718
121212
1391274206
834467443
82316216
771885890
1015291309
5846190
449772290
1520415615
2301394683
111111111
1134292526
88888888
7758258
918650540
2711375182
19870606
19990725
1169175750
1324468691
1138616139
1712586788
1051069239
1303346617
1352698758
1090363635
19981120
1422290239
1300227193
1234567890
2785874773
1398814277
921809590
1604286240
1137987375
1572061697
65538665
644957221
2283894419
2306478415
1120740086
947416909
2425945407
2321086534
760254843
23418702
1354191774
1733818752
2643089716
471762021
1179812667
22222222222222222
555555
954939823
1191915249
1933798136
2512439665
573405020
1239264257
55555555
19981124
979212308
479956449
894194577
2623105103
1037996838
00000000
1456775614
982633824
19960313
1624294170
1634635
3168710847
1032234849
1987063848
903090744
1216100030
1399100957
2954265773
789456
1779105985
1729250442
123456
2624666782
354962811
1598803064
429410296
1974243680
0123456789
2992543559
380129689
123123
2660574426
374562731
1340220857
269059188
406598255
1057510739
1203222133
1111111111
934378117
1313131313
00000000000000
1062745864
2419654639
2854961911
2779625363
393345568
70561725
584106112
1613204211
1045643278
1820754092
131313
138518769
465799803
739073062
617180185
1225251181
654321
159922150
7777777
1826666669
648814802
380776252
879647990
1535670799
445741139
1185435132
1437849896
768189838
473724427
1765646969
123789
1314520
434757294
11223344
1214643307
2749112713
857255626
461951036
1239225088
627945290
1069761637
280339545
111222
111111
468125765
1315281838
1936470608
389045342
849346570
112233
1499398032
764620191
1518752113
1262612492
857636299
798085152
296143671
76856524
843571552
1760803383
2996189483
1272885145
1045058473
5201314
553678554
2673876808
498737172
1461807836
948296920
794974310
1694483930
147258
2298146164
1335904944
1173732211
1822318966
1555555
919889345
11111111
675482473
250992400
718071161
12345678
12121212
634356231
7758521
910646379
666888
454626565
469841404
6666666666666
5846190
718071161
111222
2306478415
999999
7777777
6231650
306900068
354962811
2457870206
879647990
418345214
1479276204
1733818752
123789
20001101
2222222
2457870206
169219
961055
331455
132222
787878
765556
1216100030
954939823
199557
123133
584557
558856
2893870154
125412
188656
595959
555666
861255
928047
132132
903090744
1987063848
151222
242018
330125
849346570
1733818752
1023149193
1483433077
148013
117574
174155
352808
646465
19960313
147859
546546
883721
345353
364998
1262612492
166200
123890
252682
1459803678
521241
520419
1272632627
1654595223
158666
241648
123566
150124
222228
1054708006
123658
178204
235623
732626
123713
12345678
156745
119698
115451
346574
584098
544584
1272885145
1335904944
594665
232223
122566
565885
182669
189235
262325
664563
648814802
192769
12345678
1658073219
1214643307
573405020
88888888
2222222
1203222133
250992400
83550075
123321
445741139
1656552287
19981124
398080629
992488469
619754073
1127537667
1300227193
269059188
2196819282
1613204211
675482473
434757294
2248178212
121212
11223344
1173732211
3168710847
1183466630
306900068
296143671
2112774788
555555
65538665
374562731
948296920
7758521
506730609
1486443839
386265640
2779625363
00000000000000
2306478415
2321086534
1111111111
1584062337
5201314
2512439665
1760803383
1325769203
2714402556
739073062
318260964
365081270
2443875706
1437849896
1933798136
634356231
1483433077
1694483930
1729250442
919889345
771885890
2643089716
284081739
1436945059
469841404
7777777
1876419635
562340396
848241284
1234567890
1436602933
764279545
82316216
857636299
1518752113
19990725
19980207
1526128788
1648064471
20001101
1460898691
2749112713
1209033966
768189838
468125765
2910341315
1404011554
849346570
596044553
1902204467
1313131313
12344321
760254843
393345568
2826499251
1357334476
999999
1697353811
888999
675655629
462299877
1097273351
1720632594
147258
811496770
553678554
835377015
2624666782
760088360
648814802
00000000
1051069239
1658073219
744631170
843571552
544101247
1548268901
498737172
1262612492
222222
1037996838
915434336
383711651
1090238136
1279550353
12345679
2358681038
934378117
1822318966
465799803
19981120
77319301
498099722
23418702
1062745864
1185435132
6231650
2954265773
1239225088
1159408755
764620191
979212308
1179812667
794974310
76856524
1045058473
1535670799
552433028
1191915249
969985747
12345678
2408603822
31415926
1095532931
1422290239
1107085041
594646428
1974243680
1971966586
123456789
1712586788
111111
789456
997567878
918650540
471762021
2040361170
1120962226
22222222
1137987375
2276247819
7758258
2286577229
1461807836
1272885145
1667540812
1295302603
1234567
159922150
1528643402
2238148208
1054708006
1366847420
2893870154
2293514803
949050307
123789
565811557
857255626
1352698758
1850419695
6666666666666
1315281838
406598255
2549519578
1015291309
19970816
768017464
1434695763
1102491648
1057510739
2448215088
1272632627
70561725
158023000
1634635
1332874718
2992543559
1598803064
1987063848
1555555
1103352197
982269003
1654595223
888888
1120740086
877171410
570140129
834467443
1303346617
1114574046
1314520
2105799708
1936470608
2854961911
1399100957
571012646
280339545
1134292526
33482953
454626565
792335322
1820754092
2660574426
1343864730
531794485
19990815
1572061697
1152459190
1045643278
879647990
815008092
1169175750
2623105103
617180185
1601460587
1032234849
211176787
782164684
461951036
1499398032
584106112
2283894419
1010022810
520520
11111111
1765646969
2625523246
1247522236
22222222222222222
2442666458
5846190
1070295143
000000
1397360946
112233
1114261126
654321
1459803678
1216100030
1340220857
123123
380776252
666888
1111111
1251453455
1554561239
473724427
821475356
2298146164
1225251181
263337330
479956449
2426477553
910646379
1776993992
798085152
1921503656
909002179
2457870206
1779105985
19870606
19781103
0123456789
954939823
1398814277
1669039571
2425945407
1239264257
982633824
1456775614
1354191774
354962811
718071161
1324468691
960828129
131313
193500500
1023149193
19960313
1826666669
1399736372
999999999
77777777
924321388
12121212
1285516908
1069761637
1242924870
429410296
55555555
1335904944
1090363635
903090744
1355049123
1733818752
111222
99999999
742002596
1625467177
1632403707
1105123578
1159524757
1479276204
894194577
2228714715
666666
123456
389045342
95659508
1109409903
762401672
1138616139
2419654639
1353437952
1156260869
1534029245
2996189483
2723065896
1624294170
1291625207
1353452198
1057916372
111111111
947416909
2785874773
1012373228
8671924
1656251869
2765118371
2969469895
1691509700
2694597005
2892303502
472617336
1520443152
449772290
380129689
320708157
153302309
1219181742
2634591643
627945290
1529656316
454626565
471762021
123456789
443239324
888888
19960313
1183466630
1173732211
1191915249
596044553
19981124
0123456789
1921503656
5201314
666666
782164684
1295302603
1535670799
565811557
469841404
1554561239
7758521
1398814277
1760803383
1921503656
1554561239
2892303502
2442666458
55555555
1529656316
2276247819
762401672
1354191774
1037996838
1366847420
1300227193
2321086534
1010022810
1251453455
1090363635
378950
521563
19970816
464364
1697353811
1134292526
222666
796764
897577
584402
999999999
312313
11223344
866567
158899
158248
865885
1357334476
864652
423424
566855
116088
578899
152161
131415
234678
948424
1114261126
158766
12345678
20001101
123486
489585
742002596
434757294
1422290239
1352698758
1486443839
464697
165545
128643
111108
511521
256895
586666
200985
7758521
760088360
267610
466457
198821
313232
742520
445824
1555555
123111
360702
568775
545225
182002
262740
866555
668888
962464
254586
253460
1247522236
648910
201818
531794485
466494
1598803064
123132
212123
815008092
894194577
120120
352808
123588
799989
744631170
1461807836
454626565
136333
242526
346464
661346
531600
626828
321312
931107
149678
262523
949668
990113
856666
987545
115451
747573
756765
573405020
126246
794949
123466
365984
145698
919889345
266266
414418
930912
131452
128686
1656552287
156161
155555
525283
19990815
888666
864259
1209033966
158459
185214
798561
688655
164976
383711651
150963
1335904944
306900068
467664
151515
153280
462299877
1822318966
123159
565879
101058
534354
168186
469555
147692
455987
791257452
456555
934378117
811496770
600357
960606
230097
1691509700
135537
575777
544101247
105655
215564
258664
125469
155885
556342
666666
874564
181787
544555
1921503656
134651
717171
2276247819
105991
1656251869
226586
277277
987789
134652
393345568
982840
336699
857255626
918650540
2892303502
274984
123214
956831
369852
699755
332211
280550
1397360946
356778
242641
312312
794974310
212211
253355
181412
252682
619181
156325
915434336
00000000
557788
799255
288888
856766
158000
719014
222221
678908
2954265773
146298
1548268901
464551
525471
1624294170
648933
464646
224260
987569
594665
123456
135724
141212
147369
185189
479956449
544848
585565
191760
768189838
198799
0123456789
153876
1654595223
649688
665717
123123
717262
100860
770880
755555
199511
1054708006
982612
1111111
872356
860588
2996189483
1159524757
2196819282
645554
159357
456687
222223
319625
226600
33482953
872582
718071161
249760
461951036
19781103
144147
221111
233233
2512439665
262526
1203222133
588885
225225
888999
462765
1936470608
131234
359660
538566
251281
558588
1070295143
2826499251
188322
667788
473724427
279139
123890
878787
356252
121314
872357
374562731
796888
740717
258456
594646428
202326
225566
666766
156353
444444
445666
226666
321234
200329
245644
255668
654589
345577
587445
1057916372
888777
524265
139889
19990725
131131
222232
596044553
262623
132456
498737172
979696
131323
136259
537688
789789
755679
588816
558889
101051
649949
111111
386265640
227329
111888
156156
172120
981205
12121212
122333
165165
102497
354962811
475497
568585
765556
158050
125555
120599
355555
369482
70561725
1720632594
887688
186502
232326
202027
1572061697
969696
834467443
658586
158622
1776993992
123685
455555
131269
1355049123
325478
115846
123654
1354191774
210707
422580
282826
110011
158965
102415
158666
646484
454545
123212
189666
764664
643478
252625
326842
494664
527527
789456
564756
852741
330125
646949
796464
119698
750850
646644
158524
147859
934641
765554
1179812667
1876419635
1291625207
132222
222000
2625523246
222365
1090238136
135246
622848
111222
111110
998877
134684
128466
768017464
2443875706
276275
719953
216651
120797
645465
573617
235555
146964
145944
308139
466664
223355
572385
1772979788
11111111
520520
654643
258147
258853
2112774788
744264
408555
354312
1601460587
455258
849655
111955
1613204211
515549
132113
555588
124578
2222222
880919
324324
1933798136
979212308
558855
188800
484546
132133
232521
568899
2283894419
554455
182968
821475356
1820754092
156226
159432
187668
2660574426
457512
232325
123555
789987
95659508
203262
662500
123000
150110
455484
2893870154
242210
155187
226724
766448
655367
331455
174327
132610
544584
120527
949050307
369854
2408603822
1242557462
211111
125756
586588
323456
252526
556788
843571552
1733818752
422124
544646
12345679
664767
156446
125587
465867
903090744
132132
252353
565556
666523
555563
168668
262635
2298146164
456589
1152459190
135574
769394
963258
22222222
556688
960828129
362478
324752
464994
981706
870940
106745
655886
1037996838
235623
456465
877823
1634635
582865
772662
145422
753214
232526
950301
65538665
365846
496464
744726
658668
469841404
388581
521666
1398814277
130130
926453
201697
328233
110522
467987
115624
664866
1584062337
182669
159846
506730609
106148
741852
167677
261835
334444
644677
757782
326112
227602
792335322
1272632627
521241
1529656316
678698
980103
1518752113
144180
897897
2723065896
258258
555888
651107
888568
343434
1399100957
125580
368666
345566
1137987375
147869
179169
198111
363256
2969469895
150124
242018
963852
252255
634356231
678989
567879
892133
154545
312152
768438506
697949
232524
188055
192769
465789
428555
996633
314426
745464
1120962226
145456
587541
2854961911
552266
749126
174155
344444
255355
646768
499468
283290
649494
123322
569966
953416
654465
345543
663900
158196
264591
215456
112419
594088
211616
369857
1971966586
137356
277282
156987
199700
857636299
199678
565885
512711
123789
2779625363
961234
498099722
848241284
189189
1353452198
321321
666888
114477
197080
894028
545611
799841942
153524
992488469
655321
458856
313124
1436945059
442432
121212
1120740086
138520
139333
1404011554
569735
258887
268183
581263
732626
648814802
494997
954939823
777888
400659
556622
256256
1012373228
135126
148556
350124
258852
843799
187000
599633
178204
190420
2457870206
466857
8671924
152534
222220
7758258
123713
419567
131111
646165
584254
764620191
111111111
785766
333444
1436602933
852258
757188
757488
525545
971206
765756
558669
443239324
1902204467
369366
147857
189235
151010
268528
155122
193788
159258
553528
564564
112211
193500500
147250
979789
997567878
112223
686468
559999
756788
1694483930
494897
691742
115599
239786
654645
2448215088
877666
551865
200167
111223
1526128788
757676
1234567890
110200
456456
883721
6231650
345533
456451
956843
468125765
900890
118276
155666
568855
928047
1111111111
349494
753951
156745
322525
649877
287611
144144
273930
338461
991103
664563
152152
1528643402
173078
128961
617335
393165
456221
125478
151222
122566
262325
1437849896
577654
678754
953964
1456775614
174838
1219181742
584098
120110
110520
228778
1095532931
256222
262625
256655
564935
146383
1214643307
463378
1285516908
188656
166200
472461
1090363635
243678
571012646
764279545
455222
152206
654336
222615
898989
112255
232223
1303346617
946767
959644
115656
199231
199999
239239
455558
255666
1658073219
1262612492
125300
126996
688887
366311
588558
131010
176344
558663
1010022810
380129689
521352
646465
556885
393325
449772290
661367
345353
199930
1353437952
364998
353633
850600
122666
125634
325596
896352
257899
346574
344555
990316
123451
181181
775866
1315281838
1313131313
2228714715
553678554
362421
805013
982269003
398080629
776666
150425
231231
123218
981891
836752
343243
137815
549913
587694
375820
552433028
123456
1137987375
00000000
158023000
8671924
1315281838
2437843182
877171410
1057916372
55555555
2643089716
449772290
1357334476
1436945059
1826666669
5846190
1572061697
762401672
915434336
1051993826
1247522236
1285516908
960828129
1468628825
2016968700
675655629
1391414875
284081739
949050307
999999
1239225088
1563358679
2276247819
123456786
1518752113
19981124
1651249048
1325769203
1070295143
1159524757
479956449
77777777
1203222133
1936470608
918650540
22222222222222222
1097273351
222222
979212308
473724427
1120962226
1272632627
269059188
848241284
1399736372
627945290
1460898691
619754073
465799803
2892303502
1654595223
2196819282
760088360
768189838
634356231
1733818752
2998325981
596044553
20528118
726621146
1234567
2694597005
1152459190
2425945407
1779778231
1279550353
1772747336
1262612492
888888
1069761637
1272885145
468125765
471762021
7758521
910188204
123456789
2219336229
1324468691
2634591643
65538665
1051069239
1072822902
233333
3177762472
2408603822
1933798136
1341611060
12345678
969985747
2222225288
1459803678
306900068
1225251181
1179812667
000000
7758258
193500500
2105799708
1198142631
1291625207
380776252
1437627682
123321
1057510739
320708157
1534029245
1394852399
1127537667
794974310
250992400
1313131313
2549519578
12121212
2893870154
1589213278
921809590
153302309
1634635
0123456789
33482953
383711651
1032234849
834467443
1356328242
1107085041
1876419635
992488469
844293805
2112774788
977470935
112233
12345679
999999999
5201314
1404011554
2426477553
111222
498737172
1134292526
1713660380
1601460587
1012373228
111111
95659508
2854961911
1486443839
821475356
19880927
555555
849346570
1548268901
1303346617
22222222
386265640
1103352197
434757294
1772979788
1105123578
472617336
1850419695
2749112713
1456775614
1691509700
782164684
617180185
573405020
1647381016
594646428
393788598
318260964
14421516
19991110
857636299
905362254
799841942
2358681038
768438506
1584062337
1214643307
1669039571
1045643278
1520443152
843571552
2419654639
99999999
1461807836
121212
2222222
532083044
462299877
2910341315
398080629
1090363635
3168710847
1712586788
2826997312
798085152
704809293
1352698758
2040361170
1656251869
1658073219
791257452
1769119377
23418702
1156260869
1054708006
1624294170
1355049123
2624666782
1528643402
1902204467
1023149193
982269003
805356728
1095532931
1350826789
19990815
1987001860
20001101
1656552287
454626565
888999
1555555
1776993992
562340396
1479276204
1111111
789456
374562731
83550075
664235944
3086904831
951894809
742002596
2512439665
520520
1353437952
764279545
552433028
19870606
11111111
982633824
1203058657
2892810977
2625523246
362944761
1779105985
791578297
6231650
1531424471
1667540812
3535368306
7777777
835377015
2283894419
1120740086
131313
70561725
2228714715
1314520
798260436
1037996838
903090744
1191915249
1015291309
19970816
19990725
2448215088
565811557
1185435132
553678554
1183466630
815928025
211176787
2624667661
2457870206
1242924870
1472580369
570140129
31415926
1554561239
123789
1529656316
123123
1065734768
666666
76466672
1090238136
461951036
1295302603
2298146164
280339545
354962811
544101247
1526128788
815008092
406598255
19781103
584106112
111111111
648814802
1138616139
498099722
1340220857
1332874718
2992543559
1697353811
1720632594
2210998893
1119748191
2286577229
792335322
1467468313
2443875706
1343864730
654321
1353452198
768017464
147258
2969469895
1760803383
1437849896
879647990
675482473
2779625363
1436602933
954939823
1598803064
3104701368
1366847420
443239324
445741139
506730609
739073062
2765118371
6666666666666
77319301
764620191
1300227193
997567878
1397360946
6666666
1780864061
1613204211
2442666458
2996189483
1648064471
516077143
1354191774
469841404
93684827
19980207
1169175750
1209033966
2293514803
88888888
1921503656
1111111111
1820754092
2306478415
1242557462
2660574426
159922150
244496777
571012646
1010022810
1422290239
666888
11223344
1483433077
2723065896
1234567890
918650540
666888
159922150
362944761
2969469895
2276247819
848241284
1169175750
1203222133
1658073219
1760803383
2623105103
386265640
454626565
634356231
77777777
1460898691
1357334476
1422290239
1350826789
1183466630
1217378622
1404011554
1314520
1598803064
123789
2437843182
1095532931
2892810977
1647381016
1603380754
6231650
468125765
1279550353
619754073
915434336
7758521
2293514803
2723065896
1518752113
406598255
799841942
380129689
506730609
815928025
805356728
1340220857
532083044
1761611326
1239225088
1159524757
1353452198
1090363635
1436945059
1123698839
211176787
563506360
1486443839
719090544
99999999
19880927
1090238136
443239324
2854961911
2283894419
1191915249
1341611060
12121212
8671924
2016968700
1353981807
1933798136
2749112713
398080629
1010022810
1051993826
520520
0123456789
798260436
544101247
1656552287
2136612995
1209033966
20001101
1054708006
12345679
2892303502
1526128788
918738171
762401672
434757294
465799803
1093491806
844293805
111111
704809293
471762021
2422761359
1572061697
250992400
898089086
1779105985
121212
742002596
594646428
2549519578
1037996838
1554561239
949050307
1654595223
498099722
1391414875
1352698758
3168710847
462299877
111111111
1520443152
1031861342
00000000
1125156823
1228164424
2319255117
999999
33482953
1936470608
584106112
320708157
383711651
2714402556
1134292526
1437627682
1247522236
2306478415
2105799708
131313
1011884894
835377015
654321
982633824
88888888
1693262204
1325769203
22222222
1563358679
55555555
2228714715
1479276204
1772979788
1034350860
992488469
1399736372
1601460587
1574162522
1072822902
2910341315
445741139
627945290
1624294170
760088360
664235944
3535368306
794974310
905362254
1065734768
2210998893
798085152
739073062
1820754092
318260964
2298146164
1234567
1468628825
19981124
999999999
923627554
919211713
1012373228
1060363996
1156260869
1057510739
1534029245
2219336229
1712586788
1285516908
1987001860
1555555
2996189483
879647990
1772747336
1651249048
834467443
596044553
1394852399
1105123578
5846190
821475356
2694597005
910188204
764620191
1102033740
617180185
6666666
1355049123
951894809
1667540812
2765118371
373469876
1375286670
1234567890
2998325981
2419654639
1902204467
555555
2408603822
1097273351
1107085041
1720632594
1697353811
2634591643
666666
2512439665
573405020
65538665
1923197466
11111111
960828129
1713660380
764279545
19991110
979212308
12345678
2040361170
1009141115
1262612492
1436602933
284081739
571012646
1069761637
1584062337
1850419695
552433028
1324468691
1242557462
123456
1111111
768189838
2286577229
1356328242
1103352197
2826499251
2643089716
380776252
123456789
1634635
553678554
1548268901
1127537667
857636299
1303346617
1876419635
2358681038
2625523246
1179812667
1397660335
472617336
3086904831
158023000
1776993992
2893870154
354962811
000000
14421516
954939823
1779778231
19980207
843571552
1437849896
1070295143
2448215088
1185435132
2222225288
921809590
997567878
1272885145
1349653392
1295302603
570140129
22222222222222222
1240052492
449772290
7758258
101010
1354191774
1353437952
498737172
2222222
1769119377
1528643402
1313131313
24745443
1203058657
393788598
791578297
1315281838
112233
1826666669
657198030
1780864061
1364387905
3104701368
153302309
1111111111
473724427
1120740086
70561725
1138616139
2425945407
3177762472
789456
111222
1575645971
646136239
782164684
2992543559
562340396
1291625207
2624666782
123456786
2196819282
1820145764
1456775614
1300227193
469841404
19781103
1467468313
516077143
461951036
888888
19870606
19970816
1472580369
2826997312
5201314
1669039571
76466672
1531424471
123123
23418702
193500500
849346570
2457870206
791257452
7777777
903090744
2443875706
1119748191
1015291309
1057916372
1137987375
77319301
962463630
280339545
11223344
2298146164
19880927
1234567
815008092
6666666666666
2443875706
111111
1169175750
666888
1548268901
3091410352
1046465829
2283894419
666666
915434336
101010
1352698758
469841404
704809293
919211713
764279545
1357334476
2306478415
921809590
1358862503
898089086
443239324
320708157
1468628825
905362254
982633824
657198030
00000000
121212
445741139
354962811
2969469895
1422290239
799841942
617180185
1285516908
1217378622
1563358679
88245199
193500500
1031861342
1364387905
849346570
280339545
762401672
365081270
20001101
398080629
992488469
1034350860
1779105985
454626565
3104701368
1760803383
65538665
1125156823
1391274206
999999999
1776993992
1295302603
1713660380
2222222
1601460587
1486443839
573405020
1191915249
1876419635
1518752113
982269003
1095532931
7777777
1123698839
1467468313
1460898691
1350826789
1850419695
99999999
2040361170
76856524
1062745864
1119748191
1356328242
472617336
1341611060
1820145764
1134292526
1589213278
2694597005
2992081806
1656552287
954939823
516077143
19980207
33482953
789456
532083044
88888888
1010022810
2996189483
2136612995
2749112713
1111111
1060363996
1247522236
1720632594
380776252
2634591643
1120740086
66677496
1069761637
284081739
1009141115
123456789
1353981807
664235944
2549519578
1528643402
1090238136
1772747336
768438506
2893870154
1105123578
742002596
1291625207
1736418726
473724427
1520443152
111111111
1156260869
3177762472
5846190
2723065896
798085152
31415926
1712586788
571012646
1239225088
2992543559
1974243680
22222222
471762021
1242557462
2442666458
969985747
1137987375
977470935
1691509700
1097273351
3535368306
1272885145
6666666
1065734768
1102033740
1923197466
848241284
1399736372
2276247819
646136239
1198142631
1375286670
1572061697
2660574426
1987001860
1437849896
1432848226
1240052492
1397660335
123456786
1138616139
3235635202
1667540812
1397360946
11223344
1324468691
1234567890
1391414875
1634635
123456
2426477553
2358681038
1574162522
1554561239
7758258
2826499251
19981124
1259963721
1070295143
111222
1355049123
19991110
1624294170
147258
2425945407
1472580369
1057916372
1842323445
1933798136
1090363635
1300227193
1203058657
719090544
1598803064
7758521
20528118
1761611326
555555
1203222133
12345678
2631767101
1779778231
24745443
8671924
1526128788
1534029245
6998214
1697353811
594646428
1479276204
19870606
1015291309
2138123973
2105799708
2892810977
1436945059
1936470608
87140870
888888
1791546228
1349653392
844293805
468125765
791578297
1207905929
1279550353
1353437952
836546727
552433028
999999
1313131313
1228164424
1456775614
2286577229
1555555
1024311998
2765118371
131313
1366847420
1055923286
1820754092
2643089716
562340396
393788598
1262612492
1437627682
112233
821475356
2623105103
123321
739073062
563506360
1216100030
2408603822
997567878
1404011554
333333
250992400
2319255117
1183466630
634356231
12345679
222222
2624666782
1179812667
1093491806
726621146
153302309
1051993826
462299877
1028399568
000000
1483433077
791257452
544101247
1339406971
951894809
520520
2422761359
1111111111
19970816
918650540
2419654639
159922150
93684827
1772979788
2854961911
1032234849
383711651
318260964
1693262204
2892303502
469254011
14421516
77777777
962463630
1651249048
1314520
1603380754
2714402556
386265640
1658073219
1780864061
648814802
211176787
406598255
923627554
434757294
1159524757
55555555
380129689
815928025
2512439665
1354191774
22222222222222222
2248178212
1012373228
1045643278
835377015
123789
857636299
2910341315
1127537667
1436602933
461951036
2437843182
11111111
1353452198
918738171
798260436
1656251869
2210998893
1185435132
1575645971
158023000
551150841
6231650
768189838
2196819282
3221640248
1325769203
910188204
1394852399
1103352197
2448215088
861101265
2016968700
2219336229
805356728
1011884894
1072822902
1669039571
888999
19781103
5201314
373469876
584106112
2222225288
0123456789
362944761
1054708006
1057510739
121111
998877
523253
277272
112236
454848
136159
852258
997567878
202325
468258
122566
861101265
949494
202027
866779
1054708006
420520
122222
133222
999889
7777777
930912
284081739
2276247819
413413
137889
898989
112544
1062745864
139266
177147
1357334476
255555
926712
111110
930201
740717
158622
252410
444444
1850419695
981706
189666
19991110
456852
766448
946669
993916
3114179292
555666
753951
1391274206
771822
131111
836546727
118719
799989
815928025
2549519578
321321
128786
765756
105655
320925
548557
5846190
445666
877823
666666
545558
648933
111223
1364387905
941363345
463378
242424
849346570
766697
1090363635
129032
897577
1156260869
1656552287
8671924
19880927
527527
584521
556688
11223344
112244
1779105985
232024
158807
177232
1240052492
1456775614
121112
159600
515549
489663
126246
576886
562340396
456544
865585
188888
964676412
223355
558888
1352698758
222523
756788
856766
565466
232325
152206
372782
101233
584106112
745464
232526
1046465829
366311
586556
571012646
511315
252525
231332
200167
456778
1720632594
120110
6231650
2219336229
147588
123133
1436602933
1097273351
252624
454664
664866
552266
999888
828372
123492
19981124
232425
110140
236773
764664
1055923286
789789
259888
545645
2358681038
646464
123218
259775
805634
393165
1429066440
465368
153154
888777
597277
3142013928
969985747
150425
961055
202023
180109
312152
473724427
2425945407
3221640248
1137987375
556788
130000
1397360946
2512439665
881100
532083044
132580
888999
211958
136822
135759
769394
156153
556699
466850
151321
277282
962039
215454
916512
670085
241436
320923
283989
744264
257913
110520
252526
698549
239786
118276
558566
321231
1548268901
110120
195646
1120740086
835377015
156161
117574
320708157
188616
990116
176422
384962
675669
227329
150869
223333
815008092
774918
178204
369854
1262612492
151515
253460
1354191774
182137
898089086
950301
876576
556996
422580
353516
456123
365365
1760803383
1375286670
155557
404040
1034350860
977767
567367
521125
345543
125789
310286321
556622
696932
1057916372
918738171
165111
139333
798260436
1601460587
132132
1339406971
555555
557555
1349653392
14421516
325665
516077143
166266
100861
101058
494997
117117
2408603822
1259963721
1574162522
133233
136259
979446
185189
151152
2040361170
2910341315
333333
998878
454511
546767
556566
485687
473705
885858
1009141115
155666
326112
665678
168667
137334
981103
1012373228
2623105103
1532326961
567763
512711
65538665
556342
125478
919211713
112533
147379
745486
246145
737383
541988
167987
1575645971
222333
121312
101010
676768
110299
228778
112344
247258
654645
2765118371
223332
1185435132
110110
929929
113355
121456
798085152
101051
2422761359
564645
546456
123658
310013
429410296
655678
131139
131598
465778
189189
132446
121231
456422
123688
87140870
165161
134965
954939823
1228164424
1437849896
2830966115
588888
131599
2283894419
923464
116599
253355
657457
123455
2992543559
232529
199566
558856
115055
105321
157864
799841942
144129
752248
1325769203
563506360
915434336
142536
213131
1105123578
24745443
1093491806
1772747336
895267354
203262
112500
737384
879647990
354572
112100
555558
948636
799255
2306478415
282826
462765
146964
116088
1111111
688887
1179812667
870623
166864
1060363996
456654
1780864061
1518752113
757488
123645
138667
134287
1090238136
154542
536555
234234
133252
789456
123355
456156
369963
369366
990522
228555
646799
188166
272717
88245199
654547
548867
666669
188322
352808
878994
380129689
910188204
545857
362700
183755
2136612995
1203222133
168646
886685
1436945059
123975
114400
520159
646046
159258
1422290239
962552
222233
363256
587694
151253
556666
147280
875483
313124
757676
19781103
123122
144522
585688
494664
258887
1207905929
6666666666666
565656
374648
524855
66677496
121313
223342
346737
238877
888000
252624
1051993826
155557
2624666782
555778
182766
664866
345345
158622
123245
168667
100666
242210
123147
102693
1658073219
369963
2222222
778899
213213
12345679
158656
468526
153351
105991
11941200
222222
471762021
877966
755777
110299
745464
320708157
1555555
121111
159357
741111
765756
915434336
369366
548575
576465
109367
1234567890
123355
296789
455289
1850419695
374648
223355
878994
457255
184234
555555
355555
199233
774918
106148
542699
520159
420520
255756
252621
875483
455484
520419
147379
1031861342
132580
111112
456123
2138123973
951123
337473
468258
1456775614
109388
766757
866779
569832
314426
626828
800255
135537
123688
430825
447419
686764
1391274206
138885
168888
152136
850600
239786
467535
66677496
260260
178946
665233
232425
223332
106147
259775
1472580369
772662
990116
123975
101410
166864
999999
212111
125800
981706
767989
452233
1242557462
857448
462923215
2443875706
111333
242424
980106
1216100030
340849
847059
998878
228778
494664
918738171
1574162522
1090238136
110200
351189
258852
232323
1054708006
255489
1313131313
1936470608
100000
472461
198111
1350826789
132589
941363345
1203058657
147280
1761611326
894028
947416909
398080629
179169
132446
1831045728
236773
861150
947645
383865
187593
836752
2016968700
159645
99999999
138676
188177
1123698839
386265640
930201
898989
131111
269460
465465
333222
512711
153600
151321
742520
122222
431056
2842638580
300436
176555
926712
365081270
135345
153759
531600
141399
123122
1207905929
140127
970324
123987
580580
136822
1127537667
883721
131598
19970816
951218
910188204
622848
977470935
354654
681925
458526
563506360
544541
110011
737585
157070
135724
946669
525545
116599
200063
888568
250992400
2408603822
1324468691
3235635202
544101247
222220
919211713
152206
977767
153302309
564756
850850
354572
520521
984899
940723
190420
138373
905362254
258894
977779
821475356
105655
2996189483
187119
843799
138667
165156
567788
964676412
1483433077
137510
137334
249760
576886
465778
1772979788
183370
546456
121456
841841
2248178212
123455
1057916372
115055
112244
266266
483716
594646428
112100
998877
684968
123456789
585688
584521
130588
1191749151
849655
22222222
1575645971
654654
159333
175817
202624
201818
1095532931
1548268901
123321
2072747575
105575
479956449
1191915249
458569
555566
719382
717171
660760
182669
455555
651611
223342
138888
191615
655678
992488469
1479276204
168646
1119748191
756765
749426
228555
283290
156521
465776
1353437952
5846190
1518752113
566866
365365
990316
200167
546767
24745443
101233
999911
209999
242526
2040361170
188558
191760
485856
151010
444444
177147
556699
262888
710120
144180
527527
115656
769394
791578297
121365
575567
946494
272717
199566
232420
990817
147588
469254011
646797
126587
455888
124547
87140870
987456
2248530841
258079
195646
111222
105575
332211
142325
361000
123000
123214
252410
147857
156456
138373
155666
150408
202526
211336
131111
255489
456654
441523
320383
175817
182002
152788
132011
114114
123688
183370
131139
359660
167987
445566
128786
165111
112222
369854
159333
258369
132589
478522
346674
234555
202027
197680
150643
135724
136136
222222
250250
184234
131010
456126
141414
151152
283290
231332
468526
456413
138648
106147
156657
198722
111112
209999
321456
362727
125789
114477
101010
453534
110120
454634
135280
222233
106555
166266
257913
465356
483716
384962
131313
255455
168637
256336
158756
100861
398556
345345
155545
123133
260260
119698
412223
152161
132113
213123
155325
190611
222220
136159
131131
176344
222666
496878
121111
153351
463431
159645
118719
255535
255555
123564
177459
155456
158622
199607
258258
166864
105655
126932
131596
154824
310013
164162
147280
232425
454564
267610
187668
251281
258963
136822
121231
455555
404040
242424
250280
478685
283989
109388
144180
135246
132580
241535
154332
262523
355555
112500
134965
150869
123512
456852
388282
347456
252624
112611
373838
456422
259888
375820
151253
138337
465778
200167
360702
164888
144522
125800
269460
348511
464654
185807
199715
337473
232323
123123
406030
118276
333844
235253
197688
418756
188675
121368
191760
445865
147869
465888
123645
166434
258887
121313
186610
136999
152206
224422
272717
222333
456156
185256
473705
105321
122122
110119
427548
188322
112233
151351
177147
458565
232529
489663
475497
296789
119724
208888
161616
213131
333222
123492
122222
111110
125125
147147
458569
112344
111777
338832
196888
135564
198111
325665
365365
282021
258852
191615
168667
336699
125262
188616
182137
178625
123245
258456
115451
456588
466464
201668
212211
139139
123456
125555
153759
444444
135537
368547
243678
226476
130000
232024
180699
445563
456987
232526
258894
202023
165555
176555
110101
340849
138667
324100
123411
430825
116599
137101
140127
134838
151321
126323
192991
165165
189189
148375
432432
145555
115055
369369
160897
165115
111666
410000
123789
151515
212745
158795
121312
110130
468168
161612
135433
431056
156153
241648
135245
280088
465776
311564
118165
111255
110520
106148
123777
255756
109367
234324
212111
132213
126587
223344
345678
452879
225588
135699
133212
354572
121212
236538
130276
199233
100666
142536
369963
155587
256944
125874
268296
254149
162238
253030
135345
249760
101233
188851
111000
121121
252423
133837
123666
362421
188246
233234
467535
137334
151790
225532
354654
257655
122344
232524
123546
115599
464667
138310
147482
252626
159753
455289
111888
440304
134679
300436
158158
212115
117117
252623
123231
123580
259775
199612
130588
151010
180109
129032
241371
454664
133558
202624
238877
422124
177349
111333
100200
339981
165161
155777
125897
244610
199811
113322
158662
369847
123552
232420
101058
161651
123999
346737
156666
152669
123556
458526
147258
123698
150425
131599
468295
112157
153321
223355
475685
110110
373747
158599
470111
199566
239786
444121
212112
454511
223333
113355
286846
181412
147379
168646
411111
445884
123321
465465
147588
151955
211611
236773
351189
230097
112244
210785
137510
325955
129516
120797
153600
277272
134473
464634
165465
111111
125385
199610
320925
153524
465456
310064
112100
120764
188888
137979
159357
125456
458536
457255
124564
165156
169514
464646
199712
218099
198500
151595
254634
126996
159951
241436
200130
192150
445452
456456
247093
154544
111955
264785
175074
188155
199240
147859
142857
190204
110140
495846
333333
121023
185826
123355
452233
119707
174838
456544
414418
188166
133521
485856
183755
147389
152136
413413
213513
133545
182336
252625
246145
213213
132132
124547
138676
333666
178533
362523
182766
252353
468258
180180
121211
145165
112255
188898
130130
135126
138673
262888
362700
456123
190420
465436
114400
187119
258000
135799
157070
166666
168888
232528
147369
123147
131598
252621
353516
112112
178530
223342
250501
147852
455825
178946
110299
138888
202325
100011
224545
123466
123987
252525
242210
123333
420520
464645
120599
393165
179169
258147
410123
133252
200063
133233
131269
146964
399655
126789
123654
157246
163361
211958
134287
124272
120110
103080
182669
190190
150143
137676
112211
521125
737383
548557
514522
678876
988666
555778
948636
999999
512509
546552
568855
956189
699998
665233
990317
828181
569843
727373
737307
545857
970324
646799
555687
545645
556622
665645
684614
527527
755777
518455
565466
558566
570991
948645
823164
737744
565456
977645
981205
989669
940723
894028
930201
977779
564366
568686
749426
564685
552266
757766
980813
521108
771822
719953
625555
737373
744264
641577
856704
970226
587694
950301
668555
982840
575446
520419
861150
545454
678910
520159
872358
999444
999000
568866
539666
654387
597277
949494
848875
851224
565151
565965
882358
584458
858755
655555
769394
805634
666669
869949
617849
990522
636677
568555
556677
698588
536555
666777
906875
569842
646466
876456
564545
981706
654677
556688
525545
937264
567788
979789
599966
548857
789789
569832
946216
542868
736367
555666
555545
658348
885858
678766
534543
687566
588788
565888
737585
658371
543321
878994
998877
991103
588888
515549
949668
555552
823449
990817
789987
585575
898988
888000
737384
612617
542699
766656
525383
504881
558856
588699
840844
925455
564645
759908
851600
926712
580580
592596
745464
816618
809235
980106
512711
558888
946669
531600
928047
994801
582570
523526
538862
714586
564654
663900
586556
555886
691742
521666
850600
556996
698399
789654
555485
789556
681654
923464
520520
661367
567765
999888
555785
727319
755555
916463
651730
819422
766757
757488
946494
551210
586736
755676
576886
929929
584402
556566
858555
989898
964994
555885
636588
888888
565555
962464
598756
870623
557555
652525
675454
520733
562400
666888
741852
841841
546456
779894
548894
795897
654547
537688
950104
805013
981103
799255
777555
877823
666666
768334
777757
568956
774785
874558
779653
990116
959644
568665
885788
836752
683546
565656
990302
865585
866779
655367
646797
984899
900709
860901
525368
715456
1000000
564756
565641
979799
624719
951218
559858
565956
961055
556555
646464
727227
670085
651611
558866
543646
564666
960623
556545
660760
757767
555566
898989
544541
548566
666999
947645
857484
739410
558756
741520
000000
768438506
2425945407
2442666458
835377015
2544375628
791257452
5201314
947416909
1063225928
2222222
506730609
379241593
1358862503
3535368306
211176787
1781348714
1314520
918650540
131313
33482953
490444926
12345679
1056070128
2408603822
1134292526
1104054496
123123
1353981807
19920409
6231650
923627554
1062745864
624739780
123456789
2992081806
24745443
1349653392
2992543559
1197482907
1125156823
1923197466
977470935
1011884894
888888
1228164424
2072747575
7758258
1634635
479956449
740079116
1575645971
473028790
1391414875
754142876
1024311998
1456775614
1152459190
333333
123321
1191749151
472617336
1801680166
784646401
958425954
1315281838
2248178212
1669039571
1377786019
19961010
1262612492
1357334476
976563104
1028399568
1563358679
849346570
1835118181
1713660380
1798338986
3177762472
20001101
1090363635
19971104
7758521
528243115
472788846
373469876
1847147231
5846190
2210998893
921809590
857636299
1145425846
6666666666666
77777777
1656552287
20528118
1054708006
2842638580
1436602933
762401672
1102033740
2452864654
1198142631
55555555
501528765
895267354
1343864730
354962811
123789
905362254
1286376584
445741139
1693262204
571012646
2549519578
111111111
670234587
2061756177
1846937312
2830966115
1070295143
2969469895
897163888
1065734768
1831045728
1760803383
1339406971
1432848226
3114179292
768189838
1404011554
898089086
1422290239
2248530841
19951211
877186309
1532326961
520520
646114469
1780864061
836546727
1479791875
1147566364
1554561239
1401445124
675454
2319255117
248308923
99999999
1103352197
1353452198
534477563
861101265
2910341315
1429066440
1933798136
1397660335
2136612995
646136239
3164198238
821475356
3091410352
2826499251
1341611060
1111111111
992488469
11941200
445343489
1654617746
551150841
347827925
1234567890
906875
558756
1394852399
1366847420
2876903775
2749112713
2394284491
1219996781
1048729062
1936470608
1092010506
1486443839
19911215
429410296
1105123578
3026627099
767748145
82777331
487845978
101010
751813579
1654595223
1399736372
42447682
380776252
1520443152
2283894419
999999
1468628825
1820145764
1479276204
666666
1169175750
2623105103
1391274206
2624666782
2295183208
1242557462
19970816
19940906
1769119377
1791308852
365081270
147258
1216100030
2419654639
386265640
454626565
771915415
112233
1555555
1046465829
462923215
1069761637
1974243680
1572061697
2835628064
1102491648
1034350860
2358681038
2457870206
1295302603
1779105985
2854961911
6793061
449772290
2765118371
1460898691
1842323445
1528643402
6666666
44303065
121212
1127537667
964676412
1051993826
1031861342
471762021
511603695
237457250
848241284
1045643278
1736418726
531794485
2694597005
2662382397
1240052492
1548599070
393788598
2643089716
2040361170
3142013928
1285516908
1667540812
6998214
982269003
719090544
1850419695
2455386422
1203222133
1325769203
87140870
1364387905
751939575
742447621
1486923933
604757456
1909188121
2422761359
2681192730
1259963721
1791546228
310286321
599897527
2276247819
82316216
1603380754
657198030
7777777
948296920
584106112
1090238136
1787404865
879647990
1217378622
1354191774
1779778231
908757839
648814802
1574162522
3225752640
1120740086
726621146
1720632594
1483433077
222222
250992400
0123456789
88888888
1203058657
76856524
111222
123456
1303346617
1324468691
987654321
469254011
3235635202
00000000
1313131313
1156260869
915434336
1123698839
2660574426
941363345
1185435132
19781103
918738171
552433028
2624667661
575851165
484668134
22222222
11111111
2286577229
1111111
1467468313
873470035
555555
11223344
594646428
666888
2222225288
1060363996
1032234849
1805735517
1097273351
1291625207
1225251181
1234567
999999999
838439541
66677496
19870606
12345678
1656251869
532083044
1207905929
1437849896
320708157
1359406620
3221640248
914174234
406598255
2190561491
88245199
111111
383711651
1772979788
1093491806
65538665
2631767101
1236985
1245668
1335558
1101020
1346649
1396799
1212121
1112343
1268778
1332574
1368508
1333232
1330058
1330689
1234456
1335543
1222222
1235555
1233211
1043956
1234562
1377554
1112222
1121212
1334533
1376764
1222355
1101010
1212111
1346494
1235869
1332562
1377588
1008611
1212424
1231238
1284708
1384554
1369958
1234321
1123123
1234563
1008689
1236666
1256165
1384553
1234567
1346700
1314520
1298765
1314521
1392139
1349265
1352267
1352809
1007889
1235688
1377854
1155564
1378544
1231222
1348644
1234565
1347877
1315986
1378778
1111112
1123276
1234511
1134346
1254235
1384203
1312611
1135468
1212331
1237898
1335112
1000000
1369181
1317525
1238856
1375096
1122223
1234587
1234865
1325589
1388258
1379783
1017341
1266188
1057664
1354555
1313131
1235569
1380280
1310096
1231888
1232132
1336641
1333333
1211555
1345754
1234566
1231231
1231233
1231321
1234555
1317743
1330875
1132000
1112211
1346764
1386764
1374597
1232393
1383343
1350088
1144444
1096288
1350087
1346790
1234561
1350355
1223656
1346944
1046546
1236564
1338801
1389497
1255855
1233321
1231234
1321313
1233212
1301531
1361012
1377690
1232212
1234560
1368258
1233557
1161616
1122333
1234598
1356694
1051687
1227970
1236542
1234345
1147777
1111113
1001010
1231230
1007887
1236589
1058826
1354343
1393933
1378578
1243545
1324669
1356417
1351351
1234645
1313123
1356794
1332563
1379764
1194120
1202023
1356356
1235646
1343734
1326541
1233333
1112333
1304832
1224425
1332589
1336155
1234134
1123654
1346497
1378764
1383767
1081080
1235211
1122222
1110000
1257954
1328575
1111111
1234123
1275555
1310011
1370202
1346797
1055585
1338855
1245678
1236987
1124455
1234568
1386956
1233458
1083559
1155311
1383737
1111222
1786054
1882000
1440344
1652165
1593214
1521958
1561515
1931111
1487679
1566667
1455236
1588858
1556232
1503856
1676795
1561511
1555888
1524063
1777777
1447878
321654
369847
115451
257655
190190
188888
180655
185826
180180
101010
260559
155566
425333
361000
166266
152332
496878
147588
124546
154332
123678
147869
199610
197688
252625
112500
256944
337853
123666
125800
131421
456589
188166
134965
200000
188870
468168
100570
258012
123333
125125
188155
126246
268389
176555
111222
160241
147379
456123
124547
135433
410000
478685
235253
121231
323212
241535
137815
195646
369369
249760
163361
112211
188898
132127
188558
316656
101592
121023
185258
202526
373838
123123
181412
478973
152788
199240
166767
152446
258079
464646
185256
464634
202326
135245
105655
255456
158999
120764
445566
227676
132113
1404011554
272727
252353
100200
112100
3221640248
133333
82316216
147379
245566
154646
410123
484668134
575851165
1401445124
171717
232323
528243115
267586
123654
364646
1354191774
425698
123214
155666
264591
1760803383
222333
784646401
159585
211958
145689
200130
320383
168899
2765118371
456987
231123
485159
131123
325955
172626
161616
202526
2061756177
496878
125874
247093
112255
125125
422124
182336
200167
263266
267610
268389
246800
2643089716
1152459190
516911264
1262612492
185256
180655
1127537667
188322
133521
110593
369258
195550
132011
888999
200077
82777331
00000000
120797
386265640
7758258
212115
1483433077
458655
188155
369544
106148
137101
101013
123313
454555
2394284491
321321
445452
256336
130000
438346
150150
199712
120764
131269
147258
268296
100861
465776
100570
186955
345345
262888
153465
2327015292
1713660380
558756
111255
147857
108073
748228685
181412
1216100030
354233
2040361170
2295183208
158666
339981
594646428
1217378622
147389
164888
465888
257366
472788846
109388
442782
258445
123589
166266
1574162522
1486923933
336993
1391414875
520520
237457250
2694597005
2535184461
1353452198
337853
333844
20528118
123690
173767
160241
123000
517420024
133637
377373
489784
552433028
165115
184122
435345
2214366646
250501
1104054496
320708157
269460
147414
0123456789
250478
176555
22099536
138159
167987
71566642
1555555
345123
165411
319625
1357334476
158638
432424
188870
354962811
167133
192929
138376
483586
1191749151
3177762472
259775
111955
2286577229
160897
147111
165156
118276
1234567890
1909188121
1422290239
906875
361000
136775
393788598
534477563
135284
199566
399655
1060363996
154332
406030
19940906
260559
1156260869
256955
123566
332211
456456
184207
1203222133
190420
42447682
2190561491
1693262204
464667
1847147231
123552
947416909
373838
131131
188530
222233
158878
123512
384962
267756
187184
155545
19910515
187119
112211
429410296
228122
178533
252623
495846
165555
362727
444121
112157
19781103
255755
158999
258000
180180
468295
475497
190204
151152
3022184
158388
155456
465566
137815
768189838
199240
255665
1097273351
135537
185807
145285
259888
838439541
1781348714
192991
359660
135724
188558
123456789
110101
992488469
233234
1801680166
130130
165161
1315281838
152366
123333
1391274206
265123
456546
651282985
168888
336699
1147566364
283290
158158
425333
222221
351189
197688
156666
1524713072
464634
232520
147852
234555
19870317
486383
222220
141414
1137987375
165519
511603695
159753
125213
224455
306434
154824
373747
2457870206
474156
987654
252624
133259
123457
445343489
200407
131415
123466
1069761637
2992543559
836543150
1225251181
468066
1060302722
155777
111000
1791308852
1468628825
464644
88888888
6998214
121121
138310
115599
12121212
258963
6666666666666
19920409
1111111
182669
196888
1798338986
159357
111136
154854
1034350860
155999
101592
464666
1720632594
146964
7758521
2319255117
152788
143000
133837
126246
22222222
914174234
751939575
142416
363939
155566
123777
454545
2452864654
111777
152206
185258
368547
123258
145145
174838
164554
168821
176422
178530
338832
147482
122222
77777777
1120740086
135245
182928
161612
375820
142143
168667
478685
232526
379241593
158658
136136
1787404865
1051993826
1242557462
242641
246145
176344
11941200
1377786019
122400
151955
202023
138764
99999999
123161
2072747575
1343864730
138648
394944
111110
258079
751813579
1062745864
239786
111222
368557
136938
158874
243678
483716
123678
138337
310013
158566
158599
413413
440304
123231
501528765
213123
139893
1111111111
182766
115055
1596559290
137915
135799
147859
184234
348511
162238
324100
139139
487845978
124272
121231
2464131139
12345678
369369
360702
111333
147147
1534029245
1048729062
369847
151562
456654
193400
323223
147177
19870606
112522
153258
1134292526
19930511
1831045728
188188
316656
241371
494844
1486443839
198722
6793061
958425954
199811
138676
231313
188616
371962
180699
2624667661
414418
333265
352250890
188199
105826
235789
1479791875
345678
456789
333333
165165
1325769203
185826
258456
225588
1933798136
182002
648814802
441523
211611
235253
987654321
771915415
199612
300436
255456
202325
767748145
201623
726621146
464646
3164198238
112222
948296920
101010
456589
110520
123321
151515
151010
155187
445669
155874
648806582
277272
159951
168000
454848
145555
152446
2222225288
213513
452813
127445
250992400
147869
1805735517
921809590
1286376584
155555
110120
571012646
1366847420
122566
456178
471762021
3086904831
191760
459459
159333
323212
534292696
2408603822
100866
120599
265555
129516
147280
136259
178625
336566
506730609
1554561239
1065734768
464654
353516
123411
321654
410000
397520
278856789
168637
147250
786124758
1456775614
254634
138846
555555
646136239
1303346617
908757839
158967
232420
234324
1879847228
156766
1354128603
258012
258096
224545
132246
670234587
1656251869
666666
1163847533
125478
897163888
11111111
1654617746
347827925
225532
465465
464564
464645
1090238136
282021
226486
177459
226476
202326
142857
325123
19971104
554340905
123789
137979
977470935
172383
220115
2662382397
450073
362421
2455386422
188675
155325
188898
432432
619190461
849346570
3026627099
131333
1259963721
131421
280088
100000
119412
138673
465446
252410
66677496
147369
463893
456890
150555
835377015
584106112
2419654639
768438506
112500
152332
947645
666777
545855
995726
636677
840844
531313
678876
559858
651239
566666
781869
666661
962552
539666
741533
666999
982840
961055
805634
532111
667788
547866
896598
855656
727319
990522
536952
994717
589568
520634
568555
584688
555886
615520
979799
651564
878994
546521
534543
897667
578570
589894
691742
546346
656712
789987
555465
600357
658348
562400
688216
576465
597277
970324
651107
625555
545248
636888
652525
910522
584402
651730
622848
556677
537688
575446
856704
885788
999000
884233
715456
848484
542868
678900
521108
568596
977645
594566
549870
531600
781836
788247
950629
916463
552266
624719
736785
636588
980813
545005
666333
568866
858755
655555
638366
889900
873458
626856
576262
945958
681654
654387
749426
757767
745464
520449
998998
954310
998877
940225
668555
724926
654589
617849
987235
736636
727272
850133
554435
586558
1060363996
3164198238
471762021
1134292526
1120740086
123456789
123123
1060302722
670234587
921809590
987654
66677496
123456786
274509528
1791308852
604757456
2835628064
1596559290
1656251869
1419347338
1063225928
571012646
1225251181
992488469
558756
2219241312
131313
786124758
762401672
42447682
55555555
520520
1769119377
1654595223
791257452
2190561491
619190461
1286376584
1658073219
1259963721
748228685
897163888
2670237878
821475356
82777331
575851165
6666666
1933798136
1460898691
999999
751813579
604627798
1850419695
947416909
1787404865
666888
674096523
386265640
1315281838
99999999
1377786019
1486923933
1217378622
2061756177
2992543559
767751107
0123456789
17956812
1805735517
1285516908
354962811
250992400
147258
00000000
908757839
2295183208
1401445124
1456775614
873470035
454626565
3225752640
7758521
555555
1574162522
1765646969
1359406620
837361748
915434336
1325769203
835377015
1242557462
1842323445
1555555
534292696
6998214
71566642
484668134
347827925
2394284491
1343864730
1468628825
3091410352
1404011554
914174234
918738171
383711651
1534029245
237457250
506730609
1669039571
2464131139
352250890
1693262204
1070295143
2549519578
2210998893
000000
22222222
19880622
77777777
88888888
1127537667
651282985
1103352197
2276247819
511603695
6793061
469254011
33482953
1111111
1806570068
1234567
1234567890
121212
1479791875
2681192730
594646428
2419654639
646136239
565811557
1147566364
2408603822
2662382397
19920409
3022184
648814802
648806582
1102491648
768189838
599897527
501528765
1247522236
5201314
1156260869
3177762472
869747685
1634635
740079116
1051993826
1032234849
1111111111
2319255117
2452864654
584106112
1486443839
2765118371
11111111
19971005
1760803383
112233
19970210
12121212
211176787
1483433077
552433028
445343489
1366847420
1090238136
1163847533
1191915249
1056070128
2352329326
1090363635
1847147231
576271136
1391274206
6231650
2829882267
123456
675454
472788846
1145425846
1303346617
379241593
111222
504049261
1262612492
2425945407
2624667661
2643089716
1779778231
1743875985
888888
1240052492
11223344
784646401
19781103
22222222222222222
1528643402
1781348714
429410296
3086904831
244496777
1353452198
987654321
948296920
2222225288
222222
2535184461
93684827
1216100030
528243115
1772979788
516911264
19930511
1197482907
2634591643
111111111
815008092
646114469
517420024
1391414875
849346570
20528118
1909188121
111111
1720632594
1137987375
657198030
958425954
2214366646
1436602933
2430197977
1654617746
982269003
1319615047
19910515
2694597005
977470935
12345679
771915415
19870317
2854961911
534477563
1479276204
1354191774
2040361170
948836602
1554561239
2222222
7777777
571115649
768438506
1354128603
19971104
87140870
1563358679
155488
1375286670
858989628
1846937312
2327015292
65538665
449772290
1656552287
20001101
19870606
1936470608
409721294
1054708006
12345678
751939575
1062745864
123789
393788598
2358681038
1795031844
531794485
877186309
906875
767748145
2509944398
1152459190
1798338986
1394852399
278856789
19940906
1065734768
1422290239
554340905
1034350860
666666
1092010506
1879847228
1524713072
333333
836543150
1203222133
999999999
838439541
1341611060
7758258
490444926
1069761637
3101549645
487845978
22099536
1097273351
101010
1314520
6666666666666
1346790
1383343
1314521
1352809
1149900
1343734
1211555
1304832
1234564
1245668
1233212
1234561
1105931
1325500
1356417
1378764
1121212
1231231
1046546
1234756
1212121
1233333
1087987
1234345
1111555
1236958
1234560
1001011
1325589
1234124
1345261
1233211
1379764
1231232
1111774
1231888
1347877
1354343
1396933
1245949
1223312
1323333
1234563
1234321
1111111
1211223
1231233
1314149
1384894
1333333
1083559
1100000
1081080
1326632
1247811
1132000
1123276
1313123
1310011
1378544
1115055
1256165
1374597
1303033
1312611
1352267
1255555
1321213
1234865
1235869
1234568
1348181
1234123
1392139
1300000
1343444
1222222
1338801
1314520
1112333
1161616
1301531
1008686
1389497
1232131
1380280
1315986
1000086
1231541
1112233
1317525
1257954
1008688
1346700
1356356
1235555
1234598
1368725
1370202
1384933
1234134
1234456
1369181
1350355
1346649
1349484
1234562
1222355
1212122
1001010
1311242
1346494
1112222
1123123
1135468
1231238
1375571
1121233
1066816
1375096
1388258
1235211
1346497
1008611
1313565
1386764
1111222
1144444
1111112
1333232
1314179
1306464
1356597
1092777
1310096
1212312
1114888
1298765
1368258
1007887
1235789
1008689
1312355
1234567
1234555
1256115
1378882
1111113
1231237
1330689
1234556
1212331
1391142
1223456
1378778
1395812
1096288
1010000
1255855
1194120
1230000
1234587
1384553
1314999
1332563
1268778
1321313
1236985
1100110
1234566
1355555
1235569
1121234
1232393
1266188
1231234
1122222
1391238
1356694
1058826
1234565
1231321
1235688
1393933
1328286
1361012
1122323
1123388
17306696741
17306696643
1534029245
2190561491
558756
915434336
1286376584
837361748
815008092
836543150
123321
517420024
771915415
748228685
19910515
751813579
1375286670
111222
2214366646
906875
1054708006
65538665
1343864730
1422290239
1436602933
19870317
858989628
1335904944
1262612492
1656552287
409721294
2210998893
531794485
947416909
2425945407
648814802
6998214
19970210
12345679
1183466630
1225251181
222222
948836602
66677496
19930511
1156260869
147258
1111111111
11223344
1554561239
1425799329
977470935
534477563
1543798031
112233
1341611060
1720632594
1879847228
2408603822
1555555
7777777
1092010506
1090238136
2662382397
211176787
1769119377
2992543559
648806582
2327015292
1239264257
1842323445
1090363635
123456786
2624667661
111111111
1479791875
123456789
1216100030
2829882267
2509944398
849346570
2222225288
3091410352
22222222
2419654639
11941200
121212
1056070128
1242557462
2352329326
2549519578
786124758
3164198238
1217378622
571012646
506730609
1070295143
1850419695
1359406620
393788598
6666666666666
22099536
42447682
19781103
19920409
767748145
1486443839
869747685
274509528
877186309
1524713072
1765646969
2854961911
1285516908
1654617746
999999999
1147566364
82777331
1163847533
19970816
1247522236
3177762472
3225752640
2430197977
1314520
1654595223
0123456789
12121212
1024311998
347827925
1062745864
1787404865
565811557
1401445124
2219241312
2535184461
624739780
1319615047
00000000
1225719666
347827925
3086904831
1543798031
987654
810684082
1520443152
1486443839
1779778231
1137987375
20528118
11941200
1528643402
2694597005
93684827
19970210
977470935
1240052492
1262612492
999999999
1563358679
111222
2419654639
2497292982
1879847228
87140870
123456789
354962811
1776993992
958425954
1092010506
1169175750
1654617746
654321
000000
1097273351
5201314
751939575
1554561239
123456786
123123
1354128603
82777331
237457250
7758521
948296920
784646401
1147566364
123456
6998214
6666666
1060363996
2040361170
948836602
99999999
947416909
2219241312
849346570
1314520
1524713072
22222222
1377786019
111111111
123321
745911423
2624667661
2670237878
101010
2425945407
2210998893
352250890
1479791875
1765646969
1404011554
3022184
1183466630
3164198238
1779958723
2222222
2634591643
534477563
1842323445
520520
7777777
1303346617
1069761637
2643089716
1216100030
721025077
1781348714
768438506
838439541
1223033467
1787404865
944670273
19950627
786124758
1090238136
1483497699
987654321
651282985
1234567
0123456789
1601460587
88888888
1760803383
836543150
1483433077
71566642
274509528
2190561491
2829882267
2464131139
1242557462
2535184461
3177762472
364076650
19971104
112233
1353452198
1070295143
19930511
835377015
1743875985
55555555
123789
2509944398
1419347338
1225251181
1359406620
7758258
1259963721
2854961911
11111111
646114469
1335904944
921809590
1239264257
3225752640
1656552287
576271136
1479276204
17956812
1634635
1401445124
648806582
1111111
1285516908
1720632594
648814802
2662382397
1936470608
409721294
1534029245
1103352197
748228685
393788598
571012646
674096523
982269003
1713344511
1104264636
1134292526
469254011
2276247819
1454896145
2061756177
504049261
42447682
906875
11223344
1375286670
19781103
1909188121
908757839
1795031844
2802580741
740079116
675454
1152459190
666888
1127537667
604627798
65538665
1656251869
666666
1120740086
506730609
1062745864
2765118371
552433028
278856789
760538514
1032234849
1341611060
1156260869
2214366646
1060302722
2358681038
646136239
19870317
555555
873470035
19971005
2835628064
6666666666666
571115649
155488
22222222222222222
1486923933
379241593
1056070128
121212
386265640
858989628
2035447095
454626565
2352329326
1286376584
6793061
1613204211
33482953
1366847420
565811557
1769119377
992488469
20001101
12345678
1034350860
3535368306
604757456
12345679
1054708006
1658073219
1163847533
19870606
222222
1234567890
12121212
516911264
19970816
19940906
1425799329
2327015292
815008092
1191915249
22099536
575851165
517420024
1391274206
897163888
619190461
554340905
1391414875
821475356
1024311998
472788846
147258
1111111111
999999
1456775614
1394852399
869747685
837361748
2295183208
1596559290
3091410352
570140129
657198030
1847147231
670234587
429410296
595761890
531794485
383711651
445343489
1806570068
111111
1436602933
19880622
361451204
1850419695
2430197977
767748145
534292696
825544812
3101549645
19910515
767751107
19920409
1247522236
676240
546346
851600
888899
686999
999988
836752
781101
855656
536952
956565
921273
555666
556688
576465
739410
665451
568885
781836
998877
694279
521123
981125
646464
667788
789789
541561
898988
505005
769394
572154
578570
873715
995625
991128
520520
664866
561565
741533
556666
945958
968315
555566
551210
722727
954310
651730
545005
589894
715456
537688
888699
856255
881733
546549
768004
727272
649494
532128
873458
965636
646461
893463
658749
555886
888555
951225
840844
852852
987654
532111
885885
853698
869949
994717
741520
888000
918636
514654
725018
950607
967528
666661
883721
551888
769154
553210
563685
898888
658965
516546
654123
567788
588526
666643
744264
652525
678900
651621
979789
750850
550099
520419
555465
516165
780051
947645
516515
897987
636888
546521
531600
542899
818717
923464
638366
546813
981103
897577
897667
521993
552266
555005
852963
555556
987235
817272
622622
768918
980813
566666
818888
520123
656712
741741
516152
998866
619694
512509
910710
741852
926712
856704
665645
995210
699544
850133
758258
646646
757188
999000
789654
714252
656565
620131
532353
565656
651564
520449
654654
979702
564654
564141
950629
555565
645679
531313
654321
855888
546555
585569
565635
788247
998998
582570
525283
666666
521666
539666
619930
548406
778899
696932
616868
520998
877823
800624
636745
982840
585858
666333
889900
586558
754819
524384
852369
979799
546546
959644
894028
538373
654589
580187
963963
688216
652652
587694
564456
556622
518666
980714
963258
690988
555555
877117
525252
561954
525215
805634
855555
961111
719382
871203
926453
929929
736677
575778
557688
658688
978978
562323
999123
816618
991699
594566
568596
698399
848484
554435
636674
950104
522222
594120
560451
564656
849664
962552
906875
651239
970324
990522
955954
520626
880818
670085
666139
584688
744512
803350
988718
736785
645645
552000
655636
981285
781869
872358
247110
195550
454545
484546
1555555
999999
137915
6998214
19990419
324324
147250
154646
112222
258445
1314520
173767
333168
125616
555555
119119
152332
231123
1353452198
1534029245
1658073219
201623
1335904944
247093
147258
323212
112424
147741
133212
19950627
201225
124565
112255
132246
531794485
157246
155566
182123
116484
123466
129516
130000
141242
155187
123456789
154824
353516
256955
158607
222333
121211
187184
324234
155999
267586
345788
858989628
441523
320723
160897
1069761637
751939575
2507070597
2430197977
198801
138373
1127537667
815008092
1225251181
133333
120390
1034350860
33482953
151520
2509944398
1795031844
472788846
65538665
178625
128588
463431
675454
316656
646114469
133834
1454896145
19970816
156116
158666
155255
142351
369876
151152
1563358679
2222222
163767
965529942
254368
163755
153555
265555
241535
112211
182928
379738
119412
465446
520520
202303
210416850
131010
132213
101010
158622
456875
222220
336633
159362
19880622
1842323445
458655
137343
1850419695
138876
142857
1596559290
156451
413413
252410
126558
126932
132113
147369
351189
146964
398203
173444
104386
1024311998
209049
368866
397520
142124
319625
1776993992
1404011554
199362
1743875985
393788598
133387
1215777299
211616
825544812
115055
142536
71566642
114400
3237302433
134544
100100
312313
258369
136259
123451
133734
386265640
921809590
1056070128
139893
154741
239786
181412
00000000
1032234849
369369
311564
2497292982
22222222
123487
459459
11111111
100200
415452
177711
243555
232323
228725
256944
1239264257
517420024
118719
132321
147280
156561
17956812
1601460587
201668
2276247819
1613204211
2623112030
222222
124535
151516
1223033467
440304
114455
504049261
2352329326
155488
351316
1262612492
19881017
258668
171717
156666
123690
354962811
88888888
131415
135246
150105
352250890
168899
211958
123555
196888
159333
225588
138648
112100
147482
305781
116116
145145
1234567
224455
259888
2358681038
3177762472
369854
576271136
227755
648814802
346632
125364
452813
200130
179169
187336
199510
363636
168000
1285516908
257366
458436
174838
458999
422422
123678
19940906
123999
200217
147147
192929
222474
821475356
19971005
265685
105826
112200
158967
1879847228
150555
2802580741
1483433077
987654321
259775
166266
452452
130276
353834
130184
126246
456890
151151
5201314
1060302722
434545
141212
455451
131139
142143
3091410352
469600
414418
246800
3022184
147111
619190461
115451
107444
161413
327404
225225
456465
255755
156766
244496777
1062745864
158647
469254011
383711651
188199
102030
125800
810684082
182766
123132
138334
445566
108073
670234587
977470935
124546
3101549645
554340905
1090238136
19781103
137101
359660
454369
220115
310064
266733
185411
155555
121368
369258
651282985
2694597005
235777
216765
138317
136161
323232
199930
191760
222731
334345
944670273
369874
285630
1286376584
1654617746
363939
835377015
123345
2327015292
118276
241648
1169175750
321654
138764
456546
123566
456789
6666666666666
19911215
143000
156165
2660574426
332211
250478
999999999
136136
494844
22099536
174478
165252
176344
464564
274509528
350124
99999999
124000
251281
432424
142416
116443
1554561239
150963
405805
120110
153153
1656552287
131131
185026
1486443839
869747685
199600
1060363996
111111
120599
2425945407
272726
111222
165519
167987
222225
122566
152385
191215
199803
123446
168373
123789
135321
172383
112500
134588
200407
159874
325231
465465
136938
148613
125213
212112
152949
306434
102300
2219241312
273255
132769
163361
2535184461
111122
406030
184533
1225719666
281132
2670237878
3086904831
107422
100000
1354128603
112112
152000
147288
1319615047
132456
552433028
188320
19910515
111955
151562
789456
379241593
158585
837361748
222221
516911264
364646
136319
7777777
454626565
120400
120527
166177
377373
134652
112233
135284
468486
123131
1479276204
1111111111
153666
222111
147852
465464
456821
1234567890
182669
213542
238569
159357
768438506
463893
1247522236
455555
136885
121632
156156
446113
345678
571115649
172626
200927
374263
7758521
303534
184122
177459
123333
202027
111136
123465
784646401
667665
654680
654123
856235
532111
654321
981103
512509
541531
856558
636674
566396
727272
980818
950607
651730
521100
741533
888699
847855
505005
536585
666333
589632
567788
520998
532353
645645
883721
898859
649949
541561
569796
636888
951225
872358
567465
990317
737373
646461
580231
982840
676797
741852
557688
979799
582570
998998
555566
894185
522828
991103
543244
550099
757188
544444
991128
568596
565569
888666
847059
732626
642542
999988
546555
998877
853698
863173
981285
561456
778899
548406
996826
649531
646464
910710
664866
525283
591025
968315
651621
548484
545455
646457
888555
554435
897987
889900
651615
981205
758258
520419
534121
875685
850133
525215
962552
881733
564456
525520
576262
954310
652525
686999
696932
563123
955954
656712
537688
995210
646484
557557
552266
568742
521123
550011
666666
999819
848484
945984
978978
768918
855555
555554
552000
614121
660660
916512
520305
558666
745464
741520
617849
566886
595652
981706
568585
670085
648933
888000
548464
545454
857496
562323
531313
546466
685687
561565
744512
769394
869949
675454
998866
551210
554558
525693
521666
823449
580187
979702
989999
594120
999666
894028
981125
568885
745730
600357
670234587
2634591643
1032234849
760538514
1555555
858989628
1601460587
1285516908
1765646969
111111111
19950627
123789
1436602933
1034350860
497715446
1842323445
429410296
2214366646
1090238136
2430197977
71566642
1936470608
1225251181
1069761637
1850419695
1169175750
12345679
721025077
1120740086
948836602
2352329326
1563358679
0123456789
1425799329
1483433077
1057916372
789456
12121212
992488469
982269003
1779778231
619190461
1456624680
504049261
121212
434978602
19881017
244496777
111111
19980714
2445433624
1324468691
1352698758
364076650
1543798031
3101553487
19781103
1137987375
666666
000000
1375286670
3177762472
921809590
923627554
11111111
674096523
888888
1596559290
123321
2276247819
1394852399
1223033467
222222
19940906
648806582
965529942
210416850
320708157
88888888
2222222
1247522236
1479276204
2660574426
1183466630
987654
2358681038
2624667661
1156260869
1239264257
837361748
1713344511
19941215
112233
1720632594
999999999
472788846
2694597005
1054708006
7777777
2829882267
1483497699
767751107
19910515
836543150
849346570
1191915249
987654321
1656251869
948296920
1656552287
1779958723
1613204211
2022231140
1062745864
1163847533
2802580741
12345678
571115649
3535368306
1335904944
1366847420
352250890
454626565
1554561239
1353452198
2040361170
1314520
768438506
354962811
3237302433
386265640
333333
123123
19990419
1127537667
825544812
383711651
944670273
1215777299
1879847228
19970816
22222222
2507070597
1520443152
666888
1319615047
19911215
1056070128
361451204
123456789
835377015
65538665
1486443839
532083044
815008092
2497292982
131313
393788598
1486923933
1795031844
1578235944
409721294
17956812
1543798031
999999
767751107
1127537667
11111111
835377015
2535184461
575851165
768438506
1419347338
7758521
123456789
112233
5201314
131313
1056070128
1057916372
364076650
1779778231
1234567890
1486443839
19990419
2623112030
19920409
1578235944
2445433624
999999999
646114469
1062745864
1019952707
1120740086
71566642
1520443152
11941200
155488
19940906
1090238136
825544812
1554561239
805929868
361451204
1947314679
1069761637
1404011554
65538665
1720632594
1534029245
1483497699
7777777
22222222222222222
987654321
1104264636
3237302433
6666666
789456
791257452
386265640
987654
1765646969
19881017
666666
3101553487
520520
1054708006
12345679
745911423
19910515
651282985
123456786
1391274206
2507070597
3177762472
504049261
1656251869
1223033467
666888
19970816
19950627
11223344
1060363996
472788846
2634591643
123321
1436602933
1425799329
619190461
2214366646
2802580741
576271136
1097273351
1563358679
648814802
2352329326
977470935
982269003
1032234849
1262612492
1776993992
01234567890
1454896145
1850419695
22222222
1215777299
888888
1034350860
821475356
760538514
571115649
570140129
2497292982
948296920
19781103
354962811
1601460587
379241593
670234587
921809590
849346570
1658073219
1286376584
12345678
55555555
2670237878
2854961911
147258
721025077
1613204211
3101549645
1713344511
1479276204
815008092
2022231140
565811557
675454
434978602
12121212
320708157
1111111
00000000
111222
33482953
19941215
1024311998
1779958723
1225251181
454626565
1456624680
333333
949844452
1842323445
19911215
1483433077
111111111
2660574426
121212
393788598
1314520
532083044
571012646
1656552287
940751387
99999999
1352698758
20001101
1358862503
2222222
1324468691
19980714
1486923933
0123456789
1111111111
2276247819
1319615047
123123
1234567
1391414875
1335904944
1936470608
1225719666
1596559290
6666666666666
497715446
210416850
923627554
2358681038
222222
2430197977
429410296
595761890
555555
2624667661
2035447095
1555555
837361748
1239264257
2829882267
1353452198
1795031844
244496777
77777777
409721294
1191915249
1341611060
810684082
965529942
1743875985
1654617746
88888888
654321
1163847533
2694597005
948836602
000000
471762021
19870606
2040361170
123789
1394852399
944670273
624739780
1247522236
552433028
123456
1806570068
906875
383711651
3535368306
111111
1183466630
1102963139
2497292982
11111111
1132594126
00000000
497715446
3237302433
1324468691
1483433077
1262612492
1574162522
354962811
222222
1478802705
1029107017
1358862503
2222222
1097273351
210416850
1643641936
19990419
654321
19980714
1353452198
1613204211
977470935
1104264636
2445433624
1947314679
1032234849
7758521
0123456789
745911423
111222
2623112030
1518752113
88888888
965430029
666666
1034350860
1486443839
921809590
1239264257
648814802
11223344
19781103
2535184461
19980207
1554561239
178628570
2321086534
1070295143
5201314
666666666666666666666
940751387
19941215
3177762472
123456786
101010
244496777
570140129
1043286117
1548983248
12345679
7777777
624652762
1370986635
2040361170
147258
1352698758
949844452
646114469
1404011554
6666666
1111111
19920409
789456
1515698090
1578235944
12345678
1486923933
721025077
1391414875
112233
3101553487
2022231140
1654617746
987654321
2742313768
1936470608
1548476044
987654
11941200
1432848226
2634591643
1152459190
7348183
532083044
555555
999999999
19970816
906875
26968274
1111111111
471762021
923627554
1456624680
1534029245
111111111
123789
821475356
944670273
1563358679
805929868
333333
454626565
2660574426
19910515
1234567890
22969981
774115053
1601460587
383711651
1253760445
768438506
19981014
675454
123321
123123
1191915249
1069761637
1163847533
55555555
3142013928
651282985
1574851950
1286376584
1425799329
77777777
123456
1208034336
22222222
1419347338
982269003
1285516908
434978602
1555555
965529942
131313
386265640
19911215
379241593
1436602933
121212
619190461
1314520
19881017
472788846
1658073219
825544812
000000
1062745864
123456789
1483497699
502088881
01234567890
1225251181
888999
1019952707
888888
1928063513
520520
157070
210416850
245012
128643
0123456789
277277
77251489
458465
256846
177459
110001
171016
107081
200140
246145
165461
156151
123789
345667
147852
351354
111114
250268
321100
383711651
368856
104513
245666
345566
789456
19980207
132213
223333
259844
110511
356887
464645
202020
123963
131598
111119
1479276204
944670273
19940709
458365
1976285481
202027
135678
383983
113355
105588
441471
135798
101010
472788846
102024
145387
456089
305223
2360919090
648814802
123585
377373
198304
179169
158568
1102963139
112522
231213
1467468313
325689
1486923933
118888
126456
246575
2253553156
225656
172222
2504427814
768438506
456765
19971015
321070
125364
147963
125789
111012
3535368306
343797
258414
166166
212121
123444
202202
203716
137525
253686
120120
135123
1520443152
000000
114717
159179
135345
229240
1163847533
982269003
384852
121322
446677
909002179
120527
1392139192
197421
256555
2535184461
375820
212341
1524713072
243856
132588
416479
228725
464664
136000
666666666666666666666666
990388349
153678
283666
151790
432969
220220
112288
152373
366663
112121
156666
118276
198311
170170
133521
497997
100117
213234
264558
156156
1191915249
111208
136633
256866
2371334535
296111
151955
172456
177397
113122
199878
146188
165566
999999
349990
121233
1846937312
369780
1478802705
151125
166000
253895
1208034336
19980712
190156
322599
2019368788
110551
436484
123654
484546
1203222133
125811
134551
2445433624
156889
100200
167136
151422
152555
112112
1364043718
345345
454554
965430029
411111
133452
231664
1609087044
190204
249760
123788
198858
745911423
149878
123233
159539
123548
255558
278458
125446
106942
3177762472
458256
12345678
185375
2321086534
19920406
123255
447419
131001
123432
151131
121368
134679
923627554
231996
147156
169073
123474
256556
455856
188881
01234567890
112233
131156
118522
112200
1152459190
164388
123553
226888
937646973
156534
465852
123900
286355
187532
2689989114
2425945407
161632
147528
136822
152198
123231
342343
113200
135698
258456
369741
874005049
1048721569
122132
255888
110099
136438
271931
110593
445616
425368
1542322592
1922849118
975779260
719090544
485588
123456789
135669
1922691555
164134
410410
158369
258074
354962811
224466
333688
121213
126454
101029
1031861342
233233
135537
126123
253259
138846
243451
125566
826615770
183173
843571552
1761611326
247093
1132594126
455664
196743
150425
164011
258435
142333
12345678
77251489
777777
1528643402
7758521
987654321
99999999
2689989114
123456786
12345679
1846937312
01234567890
2360919090
19970220
3101553487
77777777
999999
948296920
2014078629
19910515
1518752113
1801993039
1136325630
454626565
1425820790
1132594126
821475356
111222
1070295143
9974828
1486923933
977470935
552433028
19980712
278856789
471762021
1765646969
19911215
1247522236
1203222133
944670273
2040361170
215789963
1324468691
00000000000000
1031861342
2019368788
768438506
1454896145
6666666
3142013928
1019952707
1352698758
1163847533
379241593
320708157
147258
784541922
1048721569
1358862503
1208034336
1392139192
45878896
19971015
982269003
619190461
2371334535
333333
1658073219
2425945407
1183466630
1922849118
947959312
2072747575
1111111
19980207
1478802705
888888
1103352197
990388349
888999
1981450409
1391414875
1043286117
1102963139
2358681038
2530523235
937646973
1436602933
1643641936
1364043718
7777777
1313131313
1432848226
1456624680
131313
123456789
1253760445
2634591643
3094899978
244496777
399458042
555555
210416850
997329138
571012646
1440780547
843571552
1414131448
1152459190
1286376584
1410232236
3535368306
1111111111
2711375182
1928063513
987654
00000000
1062745864
1356328242
1483433077
789456
1479276204
1425799329
19920406
964676412
1651249048
1609087044
7348183
1936470608
2969469895
1285516908
473816066
20001016
1524713072
666888
5201314
2445433624
1542322592
26968274
745911423
874005049
1601460587
123789
1791308852
19981014
1314520
2670237878
844293805
1102491648
111111
19930511
19781103
923627554
666666666666666666666666
1419347338
2321086534
283150380
654321
2792107847
1761611326
897163888
1723148227
1615915658
2623471215
1114261126
11111111
719090544
909002179
647963363
576271136
975779260
19870606
222222
19940709
2196819282
1467468313
121212
1234567890
624652762
55555555
2022231140
19920409
308130273
2567745919
520520
921150246
1574162522
1191915249
178628570
123456
1976285481
1097273351
000000
2497292982
2253553156
1520443152
1960927077
1515698090
1370986635
19980714
1239264257
88888888
1069761637
478008392
386163277
965430029
3177762472
1198284349
949844452
12121212
1035087626
1555555
1558826079
2206331684
7758258
2504427814
947954987
666666666666666666666
111111111
112233
1174668482
1418224883
1239225088
1720632594
11223344
1032234849
1613204211
999999999
11941200
1922691555
383711651
502088881
726621146
0123456789
1234567
354962811
1034813932
386265640
791257452
22222222
1654617746
33482953
826615770
928465221
1347212068
19941215
2437843182
472617336
1404011554
2660574426
532083044
123321
472788846
1713344511
1578235944
2718158046
970806793
927930014
1262612492
774115053
123123
22969981
962463630
1548476044
2535184461
1534029245
101010
506730609
666666
2222222
648814802
